500 100
500 100
500 90
500 80
500 120
500 100
500 100
500 90
500 80
500 120
500 100
500 100
500 90
500 80
500 120
500 100
500 100
500 90
500 80
500 120
500 100
500 100
500 90
500 80
500 120
500 100
500 100
500 90
500 80
500 120
500 100
500 100
500 90
500 80
500 120
500 100
500 100
500 90
500 80
500 120
500 100
500 100
500 90
500 80
500 120
500 100
500 100
500 90
500 80
500 120
500 100
500 100
500 90
500 80
500 120
500 100
500 100
500 90
500 80
500 120
500 100
500 100
500 90
500 80
500 120
500 100
500 100
500 90
500 80
500 120
500 100
500 100
500 90
500 80
500 120
500 100
500 100
500 90
500 80
500 120
500 100
500 100
500 90
500 80
500 120
500 100
500 100
500 90
500 80
500 120
