1 1
2 1
3 2.5
4 1
50 5
5 5
-167.38 41.51
-111.64 -141.45
-108.61 -60.20
-27.27 -78.89
-113.66 -23.75
125.08 -134.26
173.78 25.51
-133.67 -143.11
67.03 100.13
34.62 139.50
-52.54 -88.59
-76.29 87.81
-29.13 -90.12
10.64 -115.98
170.46 160.96
-110.36 143.78
192.31 -138.21
120.40 -38.25
146.60 -131.87
-197.85 -80.31
-82.53 75.46
1.13 -18.68
-53.08 86.59
-112.47 92.09
-7.35 98.13
-21.06 108.88
57.09 151.44
41.00 -196.29
-5.22 -181.36
-38.28 -83.04
27.33 -167.36
-105.24 -19.80
-69.96 120.05
-42.32 -115.07
1.53 -40.85
174.91 -57.13
87.53 -39.89
171.07 65.14
-97.95 -147.10
148.85 -118.36
-125.66 -131.57
-73.36 128.71
-53.30 11.53
64.66 -147.73
158.65 -50.36
-25.67 -94.84
-125.39 179.14
-15.92 61.84
147.47 181.44
25.93 29.80
-42.56 -156.03
110.63 106.64
-74.53 96.65
-124.92 13.10
172.57 -97.92
-185.55 126.50
-118.40 -161.61
152.27 -54.04
14.70 -73.75
-144.64 139.51
-50.05 -122.67
66.43 155.07
-77.38 -21.10
5.81 -78.51
91.46 -19.83
-15.42 22.27
197.53 8.37
-24.83 -106.13
-56.97 118.38
1.18 82.12
189.59 -32.64
37.00 -15.63
60.63 106.23
148.67 11.67
-170.80 -107.13
-139.17 -75.57
82.92 57.24
0.93 26.54
79.60 86.42
150.03 147.36
41.98 -151.91
-79.08 97.21
187.37 33.84
187.31 151.47
-52.36 -121.04
-95.58 -100.10
107.29 3.52
89.39 92.01
72.13 -80.47
71.10 115.73
178.33 162.36
-127.46 -133.80
61.42 129.55
154.79 192.55
173.20 157.75
-18000.07 -1800.42
-22.89 -66.02
-45.20 8.37
-175.17 -81.70
-81.34 53.93
-14.46 142.15
88.25 36.06
28.91 3.29
181.26 64.92
180.97 -8.03
62.89 -30.72
-1.85 52.93
-29.58 -72.24
-33.51 144.32
99.37 192.96
122.81 147.43
-46.39 56.75
-153.69 -64.00
-155.16 -158.29
183.78 131.57
-127.21 2.32
48.25 -148.64
25.42 -19.17
-29.22 -2.20
-90.68 -113.26
186.53 143.83
53.61 -45.13
101.14 -164.31
-73.67 86.17
10.25 -34.82
-39.33 186.42
134.29 -44.51
8.80 -108.02
182.91 -139.60
-75.43 8.13
-22.42 -106.33
-178.15 -15.90
138.14 185.86
-36.41 10.60
-121.69 -91.75
7.33 49.17
157.09 108.69
66.06 89.06
-2.24 -128.33
139.18 176.45
112.71 -54.86
-73.63 71.60
-137.88 169.06
-142.18 -35.90
-173.73 95.76
-42.21 -88.21
85.86 109.80
-96.19 168.81
81.45 -64.84
152.19 128.48
62.88 -140.03
-128.71 -168.48
-158.75 114.24
-142.91 75.63
-179.46 3.70
1.26 -88.00
113.07 -167.41
40.37 124.93
-67.89 141.23
35.22 165.26
-192.68 -60.97
112.88 -55.93
-117.20 31.27
-150.65 92.36
-165.27 17.96
-120.71 -46.58
184.81 85.81
-110.35 98.69
187.91 119.38
87.55 -55.97
36.57 124.87
-71.78 -107.66
52.15 -109.56
-52.86 139.61
21.59 199.19
-38.85 55.46
-108.89 -33.76
86.60 85.47
-157.82 188.71
-31.81 21.44
152.46 177.81
-79.53 47.12
-16.57 184.41
154.58 190.62
138.92 34.94
96.09 101.32
-97.40 161.65
195.41 17.47